    0 1 2 3 4 5 6 7 8
	
0   1 1 0 0 0 0 0 1 1
1   1 1 0 1 0 1 0 1 1
2   0 0 0 1 0 0 0 1 1
3   0 1 0 1 1 1 0 1 1
4   0 0 0 0 0 0 0 0 0
5   0 1 0 1 0 1 1 1 0
6   0 1 0 0 0 0 0 0 0
7   0 1 1 1 0 1 1 1 0
9   0 0 0 0 0 0 0 0 0

(0, 0), (0, 1), (0, 7), (0, 8), (1, 1), (1, 2), (1, 3), (1, 5), (1, 7), (1, 8), (2, 3), (2, 7), (2, 8),
(3, 1), (3, 3), (3, 4), (3, 5), (3, 7), (3, 8), (5, 1), (5, 3), (5, 5), (5, 6), (5, 7), (6, 1), (7, 1),
(7, 2), (7, 3), (7, 5), (7, 6), (7, 7)


[1][1][*][0][0][0][0][1][1]
[1][1][*][1][0][1][0][1][1]
[0][0][*][1][0][0][0][1][1]
[0][1][*][1][1][1][0][1][1]
[0][0][*][*][*][0][0][0][0]
[0][1][0][1][*][1][1][1][0]
[0][1][0][0][*][0][0][0][0]
[0][1][1][1][0][1][1][1][0]
[0][0][0][0][0][0][0][0][0]